30 218
1 3
1 8
1 9
1 11
1 12
1 13
1 14
1 16
1 18
1 20
1 22
1 24
1 26
1 27
1 28
2 8
2 9
2 11
2 12
2 14
2 15
2 19
2 22
2 26
2 29
3 7
3 9
3 10
3 11
3 12
3 14
3 20
3 22
3 23
3 27
3 29
3 30
4 9
4 10
4 11
4 12
4 14
4 16
4 18
4 19
4 21
4 23
4 25
4 29
4 30
5 6
5 9
5 11
5 13
5 14
5 15
5 16
5 17
5 22
5 23
5 24
5 28
5 29
6 8
6 9
6 13
6 14
6 17
6 18
6 19
6 21
6 26
6 29
7 9
7 10
7 11
7 12
7 13
7 17
7 18
7 20
7 22
7 25
8 9
8 12
8 16
8 17
8 21
8 22
8 24
8 26
8 28
8 30
9 11
9 12
9 14
9 18
9 21
9 22
9 23
9 24
9 27
9 28
9 30
10 11
10 12
10 15
10 18
10 20
10 21
10 22
10 27
10 28
10 30
11 12
11 14
11 15
11 16
11 17
11 18
11 19
11 21
11 22
11 23
11 27
11 28
12 13
12 15
12 16
12 20
12 21
12 22
12 23
12 25
12 27
12 29
13 15
13 17
13 19
13 20
13 22
13 23
13 24
13 27
13 28
13 29
13 30
14 15
14 16
14 21
14 22
14 24
14 25
14 27
15 16
15 17
15 18
15 19
15 20
15 23
15 24
15 28
15 29
16 17
16 18
16 19
16 20
16 23
16 24
16 25
16 27
16 28
16 29
17 21
17 22
17 23
17 24
17 28
18 19
18 24
18 25
18 30
19 20
19 22
19 24
19 25
19 29
19 30
20 21
20 22
20 26
20 29
20 30
21 22
21 23
21 24
21 26
21 28
21 30
22 24
22 26
22 27
22 28
23 24
23 28
24 25
24 27
24 28
25 26
25 27
25 30
26 28
26 29
26 30
27 29
27 30
28 29
29 30
